0.0 10.0 1.0 1.0 0.711462 0.711462 0.711462 0.711462
0.00770972 9.40816 2.99719 1.12779 1.42292 1.42292 1.42292 1.42292
0.0175395 8.92164 5.35684 1.46991 2.13439 2.13439 2.13439 2.13439
0.0285741 8.68193 7.82671 2.05762 2.84585 2.84585 2.84585 2.84585
0.0408142 8.7373 10.4272 2.94783 3.55731 3.55731 3.55731 3.55731
0.0538204 9.1108 13.1045 4.18849 4.26877 4.26877 4.26877 4.26877
0.0674955 9.80257 15.8723 5.87783 4.98024 4.98024 4.98024 4.98024
0.0820342 10.8249 18.7611 8.2023 5.6917 5.6917 5.6917 5.6917
0.0975474 12.1844 21.6947 11.4118 6.40316 6.40316 6.40316 6.40316
0.114324 13.8799 24.4522 15.8621 7.11462 7.11462 7.11462 7.11462
0.133378 15.9209 26.5229 22.1788 7.82609 7.82609 7.82609 7.82609
0.14618 17.2279 26.9006 27.0292 8.53755 8.53755 8.53755 8.53755
0.160384 18.4669 26.0486 32.6491 9.24901 9.24901 9.24901 9.24901
0.172775 19.2448 24.0846 37.3774 9.96047 9.96047 9.96047 9.96047
0.185166 19.6367 21.0224 41.5338 10.6719 10.6719 10.6719 10.6719
0.197557 19.5705 17.0774 44.7569 11.3834 11.3834 11.3834 11.3834
0.207887 19.1428 13.371 46.5514 12.0949 12.0949 12.0949 12.0949
0.218217 18.3854 9.54805 47.481 12.8063 12.8063 12.8063 12.8063
0.228548 17.3315 5.84824 47.5916 13.5178 13.5178 13.5178 13.5178
0.238878 16.0324 2.46699 47.0025 14.2292 14.2292 14.2292 14.2292
0.249208 14.5506 -0.46555 45.8777 14.9407 14.9407 14.9407 14.9407
0.259539 12.9516 -2.88844 44.3925 15.6522 15.6522 15.6522 15.6522
0.269869 11.2975 -4.80009 42.7085 16.3636 16.3636 16.3636 16.3636
0.283331 9.14676 -6.5945 40.4285 17.0751 17.0751 17.0751 17.0751
0.300809 6.49627 -7.97642 37.6123 17.7866 17.7866 17.7866 17.7866
0.31622 4.38057 -8.56337 35.4202 18.498 18.498 18.498 18.498
0.334064 2.24159 -8.78469 33.2783 19.2095 19.2095 19.2095 19.2095
0.351907 0.441358 -8.73535 31.532 19.9209 19.9209 19.9209 19.9209
0.369751 -1.04506 -8.5677 30.1165 20.6324 20.6324 20.6324 20.6324
0.390332 -2.42276 -8.3447 28.8069 21.3439 21.3439 21.3439 21.3439
0.412668 -3.58651 -8.148 27.6832 22.0553 22.0553 22.0553 22.0553
0.435004 -4.48668 -8.03941 26.794 22.7668 22.7668 22.7668 22.7668
0.45734 -5.19533 -8.03148 26.0902 23.4783 23.4783 23.4783 23.4783
0.479676 -5.77081 -8.12119 25.5431 24.1897 24.1897 24.1897 24.1897
0.502011 -6.25827 -8.29752 25.1376 24.9012 24.9012 24.9012 24.9012
0.524347 -6.69113 -8.54511 24.867 25.6126 25.6126 25.6126 25.6126
0.548704 -7.1281 -8.87492 24.7233 26.3241 26.3241 26.3241 26.3241
0.57444 -7.56987 -9.26236 24.7424 27.0356 27.0356 27.0356 27.0356
0.601729 -8.0263 -9.67809 24.9516 27.747 27.747 27.747 27.747
0.630503 -8.49243 -10.0719 25.3714 28.4585 28.4585 28.4585 28.4585
0.660383 -8.94423 -10.373 25.9937 29.17 29.17 29.17 29.17
0.690263 -9.33556 -10.5069 26.7507 29.8814 29.8814 29.8814 29.8814
0.720143 -9.63276 -10.4324 27.5619 30.5929 30.5929 30.5929 30.5929
0.750024 -9.80397 -10.1377 28.3299 31.3043 31.3043 31.3043 31.3043
0.781653 -9.82407 -9.61473 28.9862 32.0158 32.0158 32.0158 32.0158
0.813283 -9.67417 -8.94673 29.3909 32.7273 32.7273 32.7273 32.7273
0.844913 -9.37481 -8.23203 29.4964 33.4387 33.4387 33.4387 33.4387
0.876542 -8.96811 -7.56862 29.3064 34.1502 34.1502 34.1502 34.1502
0.908172 -8.50857 -7.03216 28.8669 34.8617 34.8617 34.8617 34.8617
0.939801 -8.05191 -6.66632 28.247 35.5731 35.5731 35.5731 35.5731
0.971431 -7.6462 -6.48526 27.5222 36.2846 36.2846 36.2846 36.2846
1.0063 -7.30038 -6.49194 26.6859 36.996 36.996 36.996 36.996
1.04597 -7.07159 -6.73385 25.7868 37.7075 37.7075 37.7075 37.7075
1.09025 -7.04287 -7.24911 24.9654 38.419 38.419 38.419 38.419
1.13453 -7.24874 -7.96199 24.448 39.1304 39.1304 39.1304 39.1304
1.17108 -7.5765 -8.6439 24.3195 39.8419 39.8419 39.8419 39.8419
1.20893 -8.03478 -9.36827 24.5174 40.5534 40.5534 40.5534 40.5534
1.24678 -8.56703 -10.0166 25.0664 41.2648 41.2648 41.2648 41.2648
1.28005 -9.04357 -10.4306 25.8118 41.9763 41.9763 41.9763 41.9763
1.31332 -9.46979 -10.6145 26.7318 42.6877 42.6877 42.6877 42.6877
1.34658 -9.78536 -10.5107 27.7119 43.3992 43.3992 43.3992 43.3992
1.37985 -9.93737 -10.1097 28.6077 44.1107 44.1107 44.1107 44.1107
1.41311 -9.89442 -9.46425 29.2775 44.8221 44.8221 44.8221 44.8221
1.44091 -9.7086 -8.81363 29.5886 45.5336 45.5336 45.5336 45.5336
1.46871 -9.40579 -8.1423 29.646 46.2451 46.2451 46.2451 46.2451
1.49651 -9.01869 -7.52179 29.4595 46.9565 46.9565 46.9565 46.9565
1.52431 -8.58746 -7.00699 29.0651 47.668 47.668 47.668 47.668
1.55361 -8.13046 -6.61507 28.4811 48.3794 48.3794 48.3794 48.3794
1.58465 -7.68932 -6.38354 27.7444 49.0909 49.0909 49.0909 49.0909
1.61832 -7.30467 -6.34063 26.8912 49.8024 49.8024 49.8024 49.8024
1.65614 -7.02587 -6.52464 25.9609 50.5138 50.5138 50.5138 50.5138
1.7 -6.93057 -6.9975 25.0374 51.2253 51.2253 51.2253 51.2253
1.74385 -7.08086 -7.69099 24.3957 51.9368 51.9368 51.9368 51.9368
1.78163 -7.39107 -8.4116 24.149 52.6482 52.6482 52.6482 52.6482
1.8194 -7.84047 -9.18078 24.2427 53.3597 53.3597 53.3597 53.3597
1.85717 -8.38627 -9.90822 24.7073 54.0711 54.0711 54.0711 54.0711
1.89017 -8.89328 -10.4166 25.4061 54.7826 54.7826 54.7826 54.7826
1.92316 -9.37145 -10.7142 26.3238 55.4941 55.4941 55.4941 55.4941
1.95616 -9.75791 -10.7261 27.3576 56.2055 56.2055 56.2055 56.2055
1.98916 -9.99181 -10.4183 28.3638 56.917 56.917 56.917 56.917
2.02215 -10.0289 -9.8202 29.1852 57.6285 57.6285 57.6285 57.6285
2.05017 -9.89479 -9.15366 29.6399 58.3399 58.3399 58.3399 58.3399
2.07818 -9.62115 -8.42719 29.8234 59.0514 59.0514 59.0514 59.0514
2.1062 -9.23838 -7.7252 29.7317 59.7628 59.7628 59.7628 59.7628
2.13421 -8.7885 -7.11769 29.3945 60.4743 60.4743 60.4743 60.4743
2.16223 -8.31741 -6.65074 28.8643 61.1858 61.1858 61.1858 61.1858
2.19198 -7.84142 -6.33216 28.1577 61.8972 61.8972 61.8972 61.8972
2.22394 -7.40414 -6.19487 27.314 62.6087 62.6087 62.6087 62.6087
2.25917 -7.05131 -6.26976 26.3717 63.3202 63.3202 63.3202 63.3202
2.30033 -6.84292 -6.61625 25.3649 64.0316 64.0316 64.0316 64.0316
2.34535 -6.87824 -7.25671 24.5038 64.7431 64.7431 64.7431 64.7431
2.38417 -7.12003 -7.97755 24.0557 65.4545 65.4545 65.4545 65.4545
2.423 -7.53442 -8.79564 23.9548 66.166 66.166 66.166 66.166
2.46182 -8.08378 -9.6275 24.2548 66.8775 66.8775 66.8775 66.8775
2.49466 -8.61108 -10.2534 24.8352 67.5889 67.5889 67.5889 67.5889
2.5275 -9.14349 -10.7118 25.6873 68.3004 68.3004 68.3004 68.3004
2.56034 -9.61876 -10.9098 26.7342 69.0119 69.0119 69.0119 69.0119
2.59318 -9.96904 -10.7799 27.8461 69.7233 69.7233 69.7233 69.7233
2.62602 -10.1343 -10.3108 28.8575 70.4348 70.4348 70.4348 70.4348
2.65886 -10.0788 -9.56516 29.606 71.1462 71.1462 71.1462 71.1462
2.68492 -9.87743 -8.85849 29.9353 71.8577 71.8577 71.8577 71.8577
2.71207 -9.54093 -8.10292 30.0017 72.5692 72.5692 72.5692 72.5692
2.73921 -9.11066 -7.4058 29.7988 73.2806 73.2806 73.2806 73.2806
2.76635 -8.63073 -6.82711 29.368 73.9921 73.9921 73.9921 73.9921
2.79459 -8.12688 -6.38799 28.7394 74.7036 74.7036 74.7036 74.7036
2.82457 -7.63525 -6.11734 27.9455 75.415 75.415 75.415 75.415
2.85706 -7.19827 -6.04293 27.023 76.1265 76.1265 76.1265 76.1265
2.89335 -6.866 -6.19948 26.0111 76.8379 76.8379 76.8379 76.8379
2.93698 -6.71128 -6.66959 24.9415 77.5494 77.5494 77.5494 77.5494
2.98061 -6.82649 -7.3888 24.1528 78.2609 78.2609 78.2609 78.2609
3.01923 -7.13866 -8.18187 23.7805 78.9723 78.9723 78.9723 78.9723
3.05785 -7.62113 -9.05833 23.7875 79.6838 79.6838 79.6838 79.6838
3.09647 -8.23095 -9.92328 24.2247 80.3953 80.3953 80.3953 80.3953
3.12834 -8.78359 -10.5322 24.9153 81.1067 81.1067 81.1067 81.1067
3.16155 -9.34759 -10.9584 25.9104 81.8182 81.8182 81.8182 81.8182
3.19103 -9.78063 -11.0771 26.9488 82.5296 82.5296 82.5296 82.5296
3.22051 -10.0947 -10.9022 28.0187 83.2411 83.2411 83.2411 83.2411
3.24999 -10.2437 -10.4316 28.9863 83.9526 83.9526 83.9526 83.9526
3.27947 -10.2004 -9.71815 29.7227 84.664 84.664 84.664 84.664
3.30894 -9.96431 -8.86137 30.1355 85.3755 85.3755 85.3755 85.3755
3.33505 -9.61666 -8.07951 30.2008 86.087 86.087 86.087 86.087
3.36116 -9.17508 -7.35755 29.9972 86.7984 86.7984 86.7984 86.7984
3.38727 -8.68236 -6.75382 29.5658 87.5099 87.5099 87.5099 87.5099
3.41492 -8.15312 -6.28073 28.9223 88.2213 88.2213 88.2213 88.2213
3.44426 -7.63245 -5.97945 28.1057 88.9328 88.9328 88.9328 88.9328
3.47602 -7.16301 -5.87701 27.1524 89.6443 89.6443 89.6443 89.6443
3.51132 -6.7949 -6.00545 26.1019 90.3557 90.3557 90.3557 90.3557
3.55351 -6.59535 -6.44067 24.9755 91.0672 91.0672 91.0672 91.0672
3.59802 -6.67327 -7.17108 24.0652 91.7787 91.7787 91.7787 91.7787
3.6366 -6.96686 -7.9808 23.6024 92.4901 92.4901 92.4901 92.4901
3.67518 -7.44555 -8.89649 23.5232 93.2016 93.2016 93.2016 93.2016
3.71376 -8.07001 -9.82944 23.8899 93.913 93.913 93.913 93.913
3.7458 -8.65524 -10.5214 24.5522 94.6245 94.6245 94.6245 94.6245
3.7791 -9.26839 -11.0465 25.556 95.336 95.336 95.336 95.336
3.80828 -9.75144 -11.252 26.6291 96.0474 96.0474 96.0474 96.0474
3.83745 -10.1251 -11.1554 27.7728 96.7589 96.7589 96.7589 96.7589
3.86663 -10.337 -10.7382 28.8493 97.4704 97.4704 97.4704 97.4704
3.8958 -10.351 -10.0398 29.7159 98.1818 98.1818 98.1818 98.1818
3.92498 -10.1575 -9.15498 30.26 98.8933 98.8933 98.8933 98.8933
3.95034 -9.83692 -8.33246 30.4261 99.6047 99.6047 99.6047 99.6047
3.9757 -9.40687 -7.54742 30.3091 100.316 100.316 100.316 100.316
4.00106 -8.90838 -6.86618 29.9431 101.028 101.028 101.028 101.028
4.02769 -8.35944 -6.30852 29.3486 101.739 101.739 101.739 101.739
4.0558 -7.80258 -5.91695 28.5621 102.451 102.451 102.451 102.451
4.08601 -7.2789 -5.71877 27.6185 103.162 103.162 103.162 103.162
4.11916 -6.8366 -5.74144 26.5577 103.874 103.874 103.874 103.874
4.15708 -6.53265 -6.02973 25.4131 104.585 104.585 104.585 104.585
4.20229 -6.46691 -6.67479 24.2727 105.296 105.296 105.296 105.296
4.23997 -6.65174 -7.41751 23.6038 106.008 106.008 106.008 106.008
4.27964 -7.06237 -8.35366 23.2663 106.719 106.719 106.719 106.719
4.31931 -7.66272 -9.37611 23.3884 107.431 107.431 107.431 107.431
4.35242 -8.27111 -10.2087 23.8881 108.142 108.142 108.142 108.142
4.38673 -8.95031 -10.934 24.7933 108.854 108.854 108.854 108.854
4.41668 -9.52488 -11.343 25.8615 109.565 109.565 109.565 109.565
4.44663 -10.017 -11.4477 27.0939 110.277 110.277 110.277 110.277
4.47657 -10.3603 -11.1905 28.3478 110.988 110.988 110.988 110.988
4.50652 -10.4988 -10.5756 29.452 111.7 111.7 111.7 111.7
4.53647 -10.402 -9.68217 30.2476 112.411 112.411 112.411 112.411
4.56086 -10.1526 -8.84284 30.5935 113.123 113.123 113.123 113.123
4.58525 -9.773 -7.99438 30.648 113.834 113.834 113.834 113.834
4.60963 -9.29829 -7.21323 30.4288 114.545 114.545 114.545 114.545
4.63506 -8.74739 -6.53099 29.9553 115.257 115.257 115.257 115.257
4.66159 -8.16257 -6.0004 29.2619 115.968 115.968 115.968 115.968
4.68982 -7.58129 -5.65079 28.3816 116.68 116.68 116.68 116.68
4.72037 -7.04831 -5.50852 27.3521 117.391 117.391 117.391 117.391
4.75417 -6.61504 -5.60128 26.2137 118.103 118.103 118.103 118.103
4.79377 -6.34365 -5.98872 24.9875 118.814 118.814 118.814 118.814
4.8312 -6.32634 -6.58444 24.0255 119.526 119.526 119.526 119.526
4.87098 -6.55236 -7.42176 23.3031 120.237 120.237 120.237 120.237
4.91076 -7.00947 -8.42444 22.9821 120.949 120.949 120.949 120.949
4.95055 -7.66411 -9.51697 23.1542 121.66 121.66 121.66 121.66
4.98311 -8.30831 -10.3869 23.7115 122.372 122.372 122.372 122.372
5.01718 -9.02984 -11.1474 24.702 123.083 123.083 123.083 123.083
5.04624 -9.62426 -11.5614 25.8311 123.794 123.794 123.794 123.794
5.0753 -10.1334 -11.6613 27.1251 124.506 124.506 124.506 124.506
5.10436 -10.4906 -11.388 28.4397 125.217 125.217 125.217 125.217
5.13341 -10.6391 -10.7451 29.6016 125.929 125.929 125.929 125.929
5.16247 -10.5473 -9.81165 30.4486 126.64 126.64 126.64 126.64
5.18635 -10.294 -8.92412 30.8314 127.352 127.352 127.352 127.352
5.21023 -9.90303 -8.02303 30.9096 128.063 128.063 128.063 128.063
5.2341 -9.40983 -7.18906 30.7005 128.775 128.775 128.775 128.775
5.25888 -8.83605 -6.4583 30.2273 129.486 129.486 129.486 129.486
5.28472 -8.22224 -5.88166 29.5243 130.198 130.198 130.198 130.198
5.31221 -7.60576 -5.48888 28.6247 130.909 130.909 130.909 130.909
5.34193 -7.03176 -5.30596 27.5661 131.621 131.621 131.621 131.621
5.37466 -6.55204 -5.35784 26.3899 132.332 132.332 132.332 132.332
5.41242 -6.2253 -5.69125 25.1207 133.043 133.043 133.043 133.043
5.44917 -6.14667 -6.24885 24.0613 133.755 133.755 133.755 133.755
5.48889 -6.31796 -7.0703 23.2003 134.466 134.466 134.466 134.466
5.5286 -6.73673 -8.08166 22.728 135.178 135.178 135.178 135.178
5.56832 -7.37461 -9.22247 22.744 135.889 135.889 135.889 135.889
5.60246 -8.06245 -10.2204 23.2168 136.601 136.601 136.601 136.601
5.63659 -8.82678 -11.1093 24.1439 137.312 137.312 137.312 137.312
5.66663 -9.50163 -11.6726 25.3091 138.024 138.024 138.024 138.024
5.69667 -10.1051 -11.9061 26.7115 138.735 138.735 138.735 138.735
5.72314 -10.5134 -11.7639 28.021 139.447 139.447 139.447 139.447
5.74961 -10.7513 -11.2745 29.2532 140.158 140.158 140.158 140.158
5.77608 -10.7814 -10.4773 30.2621 140.87 140.87 140.87 140.87
5.80255 -10.5911 -9.46865 30.9299 141.581 141.581 141.581 141.581
5.82902 -10.198 -8.37931 31.1951 142.292 142.292 142.292 142.292
5.85549 -9.64685 -7.34057 31.0611 143.004 143.004 143.004 143.004
5.88195 -8.99924 -6.45452 30.5842 143.715 143.715 143.715 143.715
5.90842 -8.32114 -5.77983 29.849 144.427 144.427 144.427 144.427
5.93489 -7.67162 -5.33416 28.9454 145.138 145.138 145.138 145.138
5.96367 -7.05085 -5.09629 27.8646 145.85 145.85 145.85 145.85
5.99519 -6.51637 -5.09276 26.6561 146.561 146.561 146.561 146.561
6.03098 -6.12389 -5.35747 25.3487 147.273 147.273 147.273 147.273
6.06866 -5.96578 -5.88911 24.1357 147.984 147.984 147.984 147.984
6.10878 -6.0764 -6.69652 23.1206 148.696 148.696 148.696 148.696
6.14891 -6.4563 -7.71973 22.4878 149.407 149.407 149.407 149.407
6.18903 -7.08029 -8.91116 22.3455 150.119 150.119 150.119 150.119
6.22483 -7.81064 -10.0371 22.722 150.83 150.83 150.83 150.83
6.26062 -8.65242 -11.0898 23.6308 151.542 151.542 151.542 151.542
6.29007 -9.36974 -11.7661 24.7718 152.253 152.253 152.253 152.253
6.32092 -10.0676 -12.1434 26.2722 152.964 152.964 152.964 152.964
6.34615 -10.5329 -12.1103 27.6214 153.676 153.676 153.676 153.676
6.37252 -10.8567 -11.7039 29.0016 154.387 154.387 154.387 154.387
6.39889 -10.9667 -10.9379 30.1898 155.099 155.099 155.099 155.099
6.42526 -10.8385 -9.90024 31.0409 155.81 155.81 155.81 155.81
6.44829 -10.5373 -8.87897 31.4364 156.522 156.522 156.522 156.522
6.47131 -10.0862 -7.85634 31.4917 157.233 157.233 157.233 157.233
6.49434 -9.52552 -6.9209 31.2326 157.945 157.945 157.945 157.945
6.51737 -8.90293 -6.13523 30.713 158.656 158.656 158.656 158.656
6.54211 -8.2194 -5.49493 29.94 159.368 159.368 159.368 159.368
6.56849 -7.52923 -5.05188 28.9585 160.079 160.079 160.079 160.079
6.59706 -6.87956 -4.82998 27.8075 160.791 160.791 160.791 160.791
6.62843 -6.32481 -4.84914 26.5306 161.502 161.502 161.502 161.502
6.66426 -5.92094 -5.14364 25.1501 162.213 162.213 162.213 162.213
6.69862 -5.76777 -5.64923 23.9772 162.925 162.925 162.925 162.925
6.73752 -5.86047 -6.44773 22.9067 163.636 163.636 163.636 163.636
6.77642 -6.21832 -7.46218 22.1963 164.348 164.348 164.348 164.348
6.81532 -6.8204 -8.65938 21.9483 165.059 165.059 165.059 165.059
6.85423 -7.63552 -9.96318 22.2747 165.771 165.771 165.771 165.771
6.88615 -8.42366 -11.005 23.0386 166.482 166.482 166.482 166.482
6.91962 -9.30047 -11.9089 24.3354 167.194 167.194 167.194 167.194
6.946 -9.96502 -12.3534 25.6695 167.905 167.905 167.905 167.905
6.97399 -10.5687 -12.4458 27.2722 168.617 168.617 168.617 168.617
7.00197 -10.9891 -12.0729 28.8921 169.328 169.328 169.328 169.328
7.02996 -11.1559 -11.2398 30.3113 170.04 170.04 170.04 170.04
7.05324 -11.0721 -10.2692 31.1918 170.751 170.751 170.751 170.751
7.07651 -10.7867 -9.15539 31.7143 171.462 171.462 171.462 171.462
7.09979 -10.3245 -8.01717 31.8521 172.174 172.174 172.174 172.174
7.12307 -9.72938 -6.96248 31.6286 172.885 172.885 172.885 172.885
7.14635 -9.05519 -6.06945 31.1032 173.597 173.597 173.597 173.597
7.16962 -8.35707 -5.37967 30.3523 174.308 174.308 174.308 174.308
7.19511 -7.62247 -4.86787 29.3616 175.02 175.02 175.02 175.02
7.22263 -6.9184 -4.58053 28.1895 175.731 175.731 175.731 175.731
7.25273 -6.29906 -4.53448 26.8801 176.443 176.443 176.443 176.443
7.28655 -5.8195 -4.75131 25.4641 177.154 177.154 177.154 177.154
7.32523 -5.55933 -5.27608 24.0076 177.866 177.866 177.866 177.866
7.35944 -5.57575 -5.94833 22.9308 178.577 178.577 178.577 178.577
7.39365 -5.80982 -6.79951 22.1137 179.289 179.289 179.289 179.289
7.42786 -6.24866 -7.81798 21.6234 180 180 180 180
7.46429 -6.92489 -9.05621 21.5497 180.711 180.711 180.711 180.711
7.50429 -7.88171 -10.5031 22.1212 181.423 181.423 181.423 181.423
7.53353 -8.68137 -11.5005 23.0305 182.134 182.134 182.134 182.134
7.56592 -9.59632 -12.3713 24.5245 182.846 182.846 182.846 182.846
7.59093 -10.2591 -12.7429 25.9689 183.557 183.557 183.557 183.557
7.6177 -10.8506 -12.7345 27.6699 184.269 184.269 184.269 184.269
7.64448 -11.2425 -12.2437 29.3458 184.98 184.98 184.98 184.98
7.67125 -11.3692 -11.293 30.7775 185.692 185.692 185.692 185.692
7.69345 -11.2483 -10.2397 31.6396 186.403 186.403 186.403 186.403
7.71566 -10.9268 -9.05973 32.1309 187.115 187.115 187.115 187.115
7.73786 -10.4315 -7.87154 32.2334 187.826 187.826 187.826 187.826
7.76007 -9.80673 -6.77948 31.9768 188.538 188.538 188.538 188.538
7.78227 -9.1055 -5.85706 31.4235 189.249 189.249 189.249 189.249
7.80555 -8.34651 -5.11272 30.6083 189.96 189.96 189.96 189.96
7.83044 -7.56757 -4.57574 29.566 190.672 190.672 190.672 190.672
7.8574 -6.81759 -4.26984 28.3369 191.383 191.383 191.383 191.383
7.88685 -6.15417 -4.2097 26.9692 192.095 192.095 192.095 192.095
7.91985 -5.63156 -4.41042 25.4927 192.806 192.806 192.806 192.806
7.95851 -5.32082 -4.92637 23.9254 193.518 193.518 193.518 193.518
7.9909 -5.29938 -5.55455 22.8045 194.229 194.229 194.229 194.229
8.02471 -5.49441 -6.38699 21.8761 194.941 194.941 194.941 194.941
8.05851 -5.89915 -7.39603 21.2562 195.652 195.652 195.652 195.652
8.09232 -6.5026 -8.56891 21.0221 196.364 196.364 196.364 196.364
8.13029 -7.39764 -10.0259 21.3328 197.075 197.075 197.075 197.075
8.16376 -8.3411 -11.3183 22.2067 197.787 197.787 197.787 197.787
8.19723 -9.36163 -12.4269 23.69 198.498 198.498 198.498 198.498
8.22252 -10.1176 -12.9865 25.1821 199.209 199.209 199.209 199.209
8.24984 -10.8364 -13.1704 27.0408 199.921 199.921 199.921 199.921
8.27331 -11.3023 -12.8956 28.6963 200.632 200.632 200.632 200.632
8.29679 -11.5672 -12.2009 30.2335 201.344 201.344 201.344 201.344
8.32113 -11.5859 -11.0949 31.5235 202.055 202.055 202.055 202.055
8.34254 -11.3744 -9.90094 32.2876 202.767 202.767 202.767 202.767
8.36395 -10.9634 -8.62454 32.6513 203.478 203.478 203.478 203.478
8.38535 -10.3875 -7.38567 32.6175 204.19 204.19 204.19 204.19
8.40676 -9.69603 -6.28146 32.2332 204.901 204.901 204.901 204.901
8.42817 -8.94389 -5.37338 31.5715 205.613 205.613 205.613 205.613
8.45121 -8.12671 -4.64332 30.6411 206.324 206.324 206.324 206.324
8.47599 -7.29924 -4.13705 29.4885 207.036 207.036 207.036 207.036
8.50293 -6.51486 -3.87394 28.1584 207.747 207.747 207.747 207.747
8.53239 -5.83397 -3.86213 26.7015 208.458 208.458 208.458 208.458
8.56581 -5.3059 -4.1157 25.128 209.17 209.17 209.17 209.17
8.59459 -5.05708 -4.51194 23.8872 209.881 209.881 209.881 209.881
8.62639 -4.99102 -5.11261 22.6781 210.593 210.593 210.593 210.593
8.65819 -5.12987 -5.87555 21.6784 211.304 211.304 211.304 211.304
8.68999 -5.46217 -6.80277 20.9365 212.016 212.016 212.016 212.016
8.72331 -6.00964 -7.95161 20.5031 212.727 212.727 212.727 212.727
8.75914 -6.81624 -9.36707 20.5317 213.439 213.439 213.439 213.439
8.7985 -7.9346 -11.0344 21.3032 214.15 214.15 214.15 214.15
8.82675 -8.84643 -12.1685 22.413 214.862 214.862 214.862 214.862
8.85849 -9.90244 -13.1674 24.2264 215.573 215.573 215.573 215.573
8.88163 -10.6252 -13.5615 25.8656 216.285 216.285 216.285 216.285
8.90703 -11.2908 -13.5358 27.8359 216.996 216.996 216.996 216.996
8.93244 -11.7372 -12.9561 29.7784 217.708 217.708 217.708 217.708
8.95784 -11.8896 -11.8442 31.4439 218.419 218.419 218.419 218.419
8.97826 -11.7707 -10.6543 32.4293 219.13 219.13 219.13 219.13
8.99941 -11.4228 -9.2724 33.0315 219.842 219.842 219.842 219.842
9.02057 -10.8742 -7.87616 33.1868 220.553 220.553 220.553 220.553
9.04172 -10.173 -6.58888 32.9305 221.265 221.265 221.265 221.265
9.06287 -9.37836 -5.49692 32.3362 221.976 221.976 221.976 221.976
9.08403 -8.55018 -4.64326 31.4938 222.688 222.688 222.688 222.688
9.10725 -7.665 -3.98633 30.3858 223.399 223.399 223.399 223.399
9.13241 -6.79366 -3.57418 29.0738 224.111 224.111 224.111 224.111
9.1598 -5.99699 -3.41659 27.6105 224.822 224.822 224.822 224.822
9.18998 -5.33258 -3.5113 26.039 225.534 225.534 225.534 225.534
9.22637 -4.83331 -3.90028 24.2762 226.245 226.245 226.245 226.245
9.25548 -4.65843 -4.38101 23.0103 226.957 226.957 226.957 226.957
9.28789 -4.67907 -5.07523 21.7866 227.668 227.668 227.668 227.668
9.3203 -4.91079 -5.93973 20.7994 228.379 228.379 228.379 228.379
9.35271 -5.34396 -6.98637 20.1034 229.091 229.091 229.091 229.091
9.38511 -5.97449 -8.22157 19.7731 229.802 229.802 229.802 229.802
9.42169 -6.91736 -9.81623 19.9616 230.514 230.514 230.514 230.514
9.46074 -8.16615 -11.6263 20.9946 231.225 231.225 231.225 231.225
9.48729 -9.11532 -12.769 22.2684 231.937 231.937 231.937 231.937
9.518 -10.2309 -13.7671 24.3224 232.648 232.648 232.648 232.648
9.53995 -10.969 -14.1112 26.1005 233.36 233.36 233.36 233.36
9.56426 -11.6445 -13.9979 28.2212 234.071 234.071 234.071 234.071
9.58856 -12.0843 -13.297 30.2812 234.783 234.783 234.783 234.783
9.61287 -12.2142 -12.0438 32.0219 235.494 235.494 235.494 235.494
9.63224 -12.0694 -10.7492 33.0289 236.206 236.206 236.206 236.206
9.65237 -11.6896 -9.26149 33.6363 236.917 236.917 236.917 236.917
9.6725 -11.1054 -7.77011 33.7815 237.628 237.628 237.628 237.628
9.69263 -10.3655 -6.39972 33.505 238.34 238.34 238.34 238.34
9.71276 -9.52921 -5.23633 32.8851 239.051 239.051 239.051 239.051
9.73359 -8.62626 -4.2946 31.981 239.763 239.763 239.763 239.763
9.75595 -7.67955 -3.58317 30.8225 240.474 240.474 240.474 240.474
9.78025 -6.7389 -3.1247 29.4523 241.186 241.186 241.186 241.186
9.80669 -5.86982 -2.92757 27.9289 241.897 241.897 241.897 241.897
9.83563 -5.13259 -2.981 26.3024 242.609 242.609 242.609 242.609
9.86972 -4.55415 -3.3001 24.5061 243.32 243.32 243.32 243.32
9.89829 -4.29539 -3.72708 23.1332 244.032 244.032 244.032 244.032
9.92982 -4.22604 -4.34332 21.7843 244.743 244.743 244.743 244.743
9.96135 -4.36371 -5.11323 20.6387 245.455 245.455 245.455 245.455
9.99288 -4.69611 -6.05346 19.7366 246.166 246.166 246.166 246.166
10.0244 -5.21965 -7.18484 19.1352 246.877 246.877 246.877 246.877
10.0586 -6.00586 -8.64004 18.9171 247.589 247.589 247.589 247.589
10.0963 -7.13595 -10.4834 19.3629 248.3 248.3 248.3 248.3
10.134 -8.51113 -12.4114 20.7351 249.012 249.012 249.012 249.012
10.159 -9.50879 -13.5582 22.2339 249.723 249.723 249.723 249.723
10.1852 -10.5574 -14.4407 24.3053 250.435 250.435 250.435 250.435
10.2081 -11.3933 -14.7673 26.4361 251.146 251.146 251.146 251.146
10.2309 -12.0688 -14.5447 28.7027 251.858 251.858 251.858 251.858
10.2537 -12.4964 -13.7114 30.872 252.569 252.569 252.569 252.569
10.2766 -12.605 -12.3158 32.6846 253.281 253.281 253.281 253.281
10.295 -12.4349 -10.8869 33.738 253.992 253.992 253.992 253.992
10.3141 -12.0219 -9.27068 34.3614 254.704 254.704 254.704 254.704
10.3332 -11.3984 -7.66082 34.5019 255.415 255.415 255.415 255.415
10.3523 -10.6138 -6.18521 34.2059 256.126 256.126 256.126 256.126
10.3714 -9.72807 -4.93095 33.5573 256.838 256.838 256.838 256.838
10.3913 -8.76356 -3.90438 32.612 257.549 257.549 257.549 257.549
10.4126 -7.74575 -3.11929 31.4038 258.261 258.261 258.261 258.261
10.4359 -6.72357 -2.59739 29.9763 258.972 258.972 258.972 258.972
10.4612 -5.76591 -2.3455 28.3924 259.684 259.684 259.684 259.684
10.4887 -4.939 -2.34476 26.7139 260.395 260.395 260.395 260.395
10.52 -4.27065 -2.58028 24.9111 261.107 261.107 261.107 261.107
10.546 -3.9207 -2.91099 23.5209 261.818 261.818 261.818 261.818
10.5757 -3.72573 -3.40505 22.0754 262.53 262.53 262.53 262.53
10.6053 -3.72343 -4.01866 20.79 263.241 263.241 263.241 263.241
10.6349 -3.89638 -4.76413 19.6852 263.953 263.953 263.953 263.953
10.6646 -4.23648 -5.66508 18.792 264.664 264.664 264.664 264.664
10.6942 -4.74442 -6.74893 18.1566 265.375 265.375 265.375 265.375
10.7286 -5.55515 -8.26658 17.8336 266.087 266.087 266.087 266.087
10.7673 -6.76274 -10.2941 18.1866 266.798 266.798 266.798 266.798
10.7987 -7.96809 -12.0988 19.2137 267.51 267.51 267.51 267.51
10.832 -9.41947 -13.9344 21.2052 268.221 268.221 268.221 268.221
10.8554 -10.4795 -14.9527 23.1975 268.933 268.933 268.933 268.933
10.8779 -11.4477 -15.5118 25.5096 269.644 269.644 269.644 269.644
10.9004 -12.2749 -15.4855 28.0598 270.356 270.356 270.356 270.356
10.9229 -12.8582 -14.7606 30.6 271.067 271.067 271.067 271.067
10.9454 -13.1041 -13.3438 32.8242 271.779 271.779 271.779 271.779
10.9631 -13.0213 -11.8411 34.1625 272.49 272.49 272.49 272.49
10.9816 -12.6691 -10.057 35.0614 273.202 273.202 273.202 273.202
11.0001 -12.0686 -8.22199 35.4158 273.913 273.913 273.913 273.913
11.0185 -11.2672 -6.4943 35.26 274.625 274.625 274.625 274.625
11.037 -10.3278 -4.99045 34.68 275.336 275.336 275.336 275.336
11.0555 -9.31767 -3.77352 33.7854 276.047 276.047 276.047 276.047
11.0751 -8.23441 -2.80841 32.609 276.759 276.759 276.759 276.759
11.0965 -7.11477 -2.11289 31.1894 277.47 277.47 277.47 277.47
11.1199 -6.02177 -1.69963 29.5839 278.182 278.182 278.182 278.182
11.1451 -5.03652 -1.5548 27.8752 278.893 278.893 278.893 278.893
11.1728 -4.2019 -1.63835 26.087 279.605 279.605 279.605 279.605
11.2042 -3.54738 -1.92743 24.1928 280.316 280.316 280.316 280.316
11.2283 -3.23423 -2.24176 22.8506 281.028 281.028 281.028 281.028
11.2543 -3.05467 -2.65241 21.5118 281.739 281.739 281.739 281.739
11.2803 -3.01891 -3.13652 20.2903 282.451 282.451 282.451 282.451
11.3064 -3.11197 -3.70493 19.1933 283.162 283.162 283.162 283.162
11.3324 -3.32578 -4.3765 18.2332 283.874 283.874 283.874 283.874
11.3605 -3.69149 -5.24645 17.3722 284.585 284.585 284.585 284.585
11.3918 -4.27157 -6.43149 16.6771 285.296 285.296 285.296 285.296
11.4291 -5.2256 -8.19625 16.3283 286.008 286.008 286.008 286.008
11.461 -6.2938 -10.0271 16.6012 286.719 286.719 286.719 286.719
11.4953 -7.71315 -12.2535 17.7104 287.431 287.431 287.431 287.431
11.5261 -9.20355 -14.2842 19.646 288.142 288.142 288.142 288.142
11.5507 -10.4786 -15.6718 21.9281 288.854 288.854 288.854 288.854
11.5734 -11.6279 -16.5007 24.5695 289.565 289.565 289.565 289.565
11.596 -12.645 -16.6538 27.5777 290.277 290.277 290.277 290.277
11.6146 -13.2868 -16.143 30.1079 290.988 290.988 290.988 290.988
11.6339 -13.6915 -14.9584 32.5711 291.7 291.7 291.7 291.7
11.6533 -13.7609 -13.1856 34.594 292.411 292.411 292.411 292.411
11.6697 -13.534 -11.356 35.8109 293.123 293.123 293.123 293.123
11.6862 -13.0516 -9.39166 36.4966 293.834 293.834 293.834 293.834
11.7026 -12.3446 -7.45256 36.6519 294.545 294.545 294.545 294.545
11.719 -11.4618 -5.67402 36.3349 295.257 295.257 295.257 295.257
11.7355 -10.4621 -4.14769 35.6395 295.968 295.968 295.968 295.968
11.7528 -9.34551 -2.85683 34.6121 296.68 296.68 296.68 296.68
11.7715 -8.14809 -1.83852 33.3037 297.391 297.391 297.391 297.391
11.7918 -6.91022 -1.11081 31.7589 298.103 298.103 298.103 298.103
11.8141 -5.70115 -0.680792 30.0444 298.814 298.814 298.814 298.814
11.8379 -4.61545 -0.522603 28.2648 299.526 299.526 299.526 299.526
11.8638 -3.68529 -0.575604 26.4354 300.237 300.237 300.237 300.237
11.8865 -3.06906 -0.736699 24.9296 300.949 300.949 300.949 300.949
11.9107 -2.59411 -0.975326 23.4299 301.66 301.66 301.66 301.66
11.9349 -2.27742 -1.25663 22.0308 302.372 302.372 302.372 302.372
11.959 -2.09277 -1.57043 20.7278 303.083 303.083 303.083 303.083
11.9832 -2.01881 -1.91824 19.5178 303.794 303.794 303.794 303.794
12.0074 -2.04 -2.30941 18.3997 304.506 304.506 304.506 304.506
12.0315 -2.1468 -2.75877 17.3752 305.217 305.217 305.217 305.217
12.0566 -2.34426 -3.30741 16.4155 305.929 305.929 305.929 305.929
12.0842 -2.66575 -4.03781 15.4945 306.64 306.64 306.64 306.64
12.1165 -3.19369 -5.11061 14.6303 307.352 307.352 307.352 307.352
12.1565 -4.12147 -6.87188 13.9776 308.063 308.063 308.063 308.063
12.1898 -5.17607 -8.78247 13.9474 308.775 308.775 308.775 308.775
12.2194 -6.3682 -10.8422 14.4997 309.486 309.486 309.486 309.486
12.2501 -7.88367 -13.2754 15.8965 310.198 310.198 310.198 310.198
12.2808 -9.65698 -15.7588 18.4151 310.909 310.909 310.909 310.909
12.3026 -11.0155 -17.2754 21.0108 311.621 311.621 311.621 311.621
12.3241 -12.3319 -18.2505 24.1867 312.332 312.332 312.332 312.332
12.343 -13.3808 -18.4429 27.3729 313.043 313.043 313.043 313.043
12.3619 -14.2117 -17.8253 30.6711 313.755 313.755 313.755 313.755
12.3809 -14.7147 -16.3331 33.7496 314.466 314.466 314.466 314.466
12.3972 -14.8164 -14.4109 35.9577 315.178 315.178 315.178 315.178
12.4136 -14.5778 -12.0717 37.5489 315.889 315.889 315.889 315.889
12.43 -14.0043 -9.54182 38.4238 316.601 316.601 316.601 316.601
12.4446 -13.2398 -7.31103 38.6012 317.312 317.312 317.312 317.312
12.4592 -12.2869 -5.25999 38.2736 318.024 318.024 318.024 318.024
12.4739 -11.2029 -3.48598 37.5431 318.735 318.735 318.735 318.735
12.4894 -9.97775 -1.96066 36.4571 319.447 319.447 319.447 319.447
12.5059 -8.65467 -0.73724 35.0837 320.158 320.158 320.158 320.158
12.5239 -7.26631 0.17124 33.4738 320.87 320.87 320.87 320.87
12.5438 -5.86907 0.760224 31.689 321.581 321.581 321.581 321.581
12.5656 -4.53285 1.05391 29.7931 322.292 322.292 322.292 322.292
12.589 -3.35584 1.10882 27.8899 323.004 323.004 323.004 323.004
12.6134 -2.39951 1.01425 26.0639 323.715 323.715 323.715 323.715
12.6348 -1.75517 0.876996 24.5775 324.427 324.427 324.427 324.427
12.6562 -1.26292 0.728865 23.1892 325.138 325.138 325.138 325.138
12.6776 -0.893286 0.590546 21.8884 325.85 325.85 325.85 325.85
12.699 -0.619635 0.471898 20.666 326.561 326.561 326.561 326.561
12.718 -0.438921 0.385872 19.6422 327.273 327.273 327.273 327.273
12.7369 -0.302699 0.317725 18.6707 327.984 327.984 327.984 327.984
12.7559 -0.200303 0.266073 17.7482 328.696 328.696 328.696 328.696
12.7749 -0.123198 0.22905 16.8718 329.407 329.407 329.407 329.407
12.7939 -0.0646572 0.204736 16.039 330.119 330.119 330.119 330.119
12.8138 -0.0174582 0.191005 15.2092 330.83 330.83 330.83 330.83
12.8337 0.0197378 0.187773 14.4225 331.542 331.542 331.542 331.542
12.855 0.0524743 0.194647 13.6268 332.253 332.253 332.253 332.253
12.8773 0.0825876 0.212504 12.8398 332.964 332.964 332.964 332.964
12.901 0.11311 0.243203 12.0551 333.676 333.676 333.676 333.676
12.9261 0.147129 0.289896 11.2748 334.387 334.387 334.387 334.387
12.9527 0.188415 0.357656 10.5026 335.099 335.099 335.099 335.099
12.9809 0.241693 0.45405 9.74603 335.81 335.81 335.81 335.81
13.0102 0.312765 0.589356 9.01785 336.522 336.522 336.522 336.522
13.0395 0.406142 0.771903 8.34719 337.233 337.233 337.233 337.233
13.0687 0.530226 1.01809 7.73181 337.945 337.945 337.945 337.945
13.098 0.696244 1.35059 7.17128 338.656 338.656 338.656 338.656
13.1273 0.919401 1.80053 6.66821 339.368 339.368 339.368 339.368
13.1566 1.22039 2.41039 6.23043 340.079 340.079 340.079 340.079
13.1829 1.57972 3.14078 5.907 340.791 340.791 340.791 340.791
13.2092 2.0513 4.10051 5.67348 341.502 341.502 341.502 341.502
13.2355 2.67021 5.35829 5.57201 342.213 342.213 342.213 342.213
13.2618 3.48102 6.99672 5.67583 342.925 342.925 342.925 342.925
13.2892 4.5897 9.20725 6.13785 343.636 343.636 343.636 343.636
13.3123 5.78764 11.5383 6.97822 344.348 344.348 344.348 344.348
13.3363 7.3236 14.4044 8.52085 345.059 345.059 345.059 345.059
13.3563 8.85455 17.075 10.5605 345.771 345.771 345.771 345.771
13.3771 10.6746 19.9191 13.6521 346.482 346.482 346.482 346.482
13.3979 12.664 22.4464 17.9364 347.194 347.194 347.194 347.194
13.4164 14.4588 23.9385 22.7778 347.905 347.905 347.905 347.905
13.4315 15.8242 24.2497 27.3142 348.617 348.617 348.617 348.617
13.4474 17.0148 23.3872 32.3101 349.328 349.328 349.328 349.328
13.4609 17.7135 21.5839 36.3698 350.04 350.04 350.04 350.04
13.4744 18.0344 18.845 39.8979 350.751 350.751 350.751 350.751
13.4879 17.9189 15.3744 42.5834 351.462 351.462 351.462 351.462
13.4992 17.4711 12.1328 44.0384 352.174 352.174 352.174 352.174
13.5106 16.7186 8.82553 44.7295 352.885 352.885 352.885 352.885
13.5219 15.6985 5.66017 44.7079 353.597 353.597 353.597 353.597
13.5332 14.4642 2.80033 44.087 354.308 354.308 354.308 354.308
13.5445 13.0774 0.34924 43.0139 355.02 355.02 355.02 355.02
13.5559 11.6012 -1.65087 41.6413 355.731 355.731 355.731 355.731
13.5676 10.0345 -3.26027 40.0441 356.443 356.443 356.443 356.443
13.5824 8.09781 -4.68177 37.9682 357.154 357.154 357.154 357.154
13.6027 5.64422 -5.77527 35.2683 357.866 357.866 357.866 357.866
13.6208 3.704 -6.19341 33.1039 358.577 358.577 358.577 358.577
13.639 2.04618 -6.29886 31.2207 359.289 359.289 359.289 359.289
13.6572 0.661797 -6.24591 29.5948 360 360 360 360
13.6775 -0.598176 -6.12355 28.0318 360.711 360.711 360.711 360.711
13.6968 -1.55448 -6.02191 26.756 361.423 361.423 361.423 361.423
13.7167 -2.35502 -5.97603 25.6025 362.134 362.134 362.134 362.134
13.7366 -3.01044 -6.01411 24.5925 362.846 362.846 362.846 362.846
13.7564 -3.56323 -6.14698 23.7098 363.557 363.557 363.557 363.557
13.7763 -4.04941 -6.37807 22.947 364.269 364.269 364.269 364.269
13.7973 -4.52154 -6.72636 22.2732 364.98 364.98 364.98 364.98
13.8191 -5.00139 -7.20167 21.7156 365.692 365.692 365.692 365.692
13.8422 -5.51825 -7.81769 21.3041 366.403 366.403 366.403 366.403
13.8667 -6.1023 -8.5871 21.0873 367.115 367.115 367.115 367.115
13.8929 -6.78502 -9.51601 21.141 367.826 367.826 367.826 367.826
13.9211 -7.59505 -10.5871 21.5763 368.538 368.538 368.538 368.538
13.9516 -8.53723 -11.7143 22.53 369.249 369.249 369.249 369.249
13.982 -9.50587 -12.6505 23.9986 369.96 369.96 369.96 369.96
14.0073 -10.2712 -13.1324 25.563 370.672 370.672 370.672 370.672
14.0335 -10.9499 -13.2102 27.3931 371.383 371.383 371.383 371.383
14.0597 -11.4287 -12.7704 29.2437 372.095 372.095 372.095 372.095
14.086 -11.6323 -11.8134 30.8765 372.806 372.806 372.806 372.806
14.1076 -11.5597 -10.7085 31.9004 373.518 373.518 373.518 373.518
14.1293 -11.2671 -9.43665 32.5348 374.229 374.229 374.229 374.229
14.151 -10.7778 -8.12779 32.7477 374.941 374.941 374.941 374.941
14.1727 -10.1354 -6.90175 32.5622 375.652 375.652 375.652 375.652
14.1943 -9.39548 -5.8469 32.0416 376.364 376.364 376.364 376.364
14.216 -8.61586 -5.01159 31.2682 377.075 377.075 377.075 377.075
14.2396 -7.78187 -4.36445 30.2343 377.787 377.787 377.787 377.787
14.2652 -6.95809 -3.95191 28.9953 378.498 378.498 378.498 378.498
14.293 -6.20214 -3.78803 27.5998 379.209 379.209 379.209 379.209
14.3236 -5.57202 -3.87731 26.0921 379.921 379.921 379.921 379.921
14.36 -5.11048 -4.26062 24.425 380.632 380.632 380.632 380.632
14.3888 -4.95706 -4.73499 23.2432 381.344 381.344 381.344 381.344
14.4227 -4.99984 -5.46597 22.0524 382.055 382.055 382.055 382.055
14.4566 -5.26858 -6.38245 21.1281 382.767 382.767 382.767 382.767
14.4905 -5.75243 -7.48924 20.5376 383.478 383.478 383.478 383.478
14.5244 -6.44365 -8.77844 20.3686 384.19 384.19 384.19 384.19
14.5624 -7.44688 -10.3782 20.8117 384.901 384.901 384.901 384.901
14.595 -8.46635 -11.7573 21.8352 385.613 385.613 385.613 385.613
14.6276 -9.5614 -12.9299 23.5066 386.324 386.324 386.324 386.324
14.6519 -10.3585 -13.5017 25.1402 387.036 387.036 387.036 387.036
14.6783 -11.1186 -13.6664 27.1699 387.747 387.747 387.747 387.747
14.7008 -11.6066 -13.3423 28.9564 388.458 388.458 388.458 388.458
14.7234 -11.8835 -12.5704 30.6107 389.17 389.17 389.17 389.17
14.7468 -11.9016 -11.357 32.0007 389.881 389.881 389.881 389.881
14.7672 -11.6802 -10.0672 32.8203 390.593 390.593 390.593 390.593
14.7876 -11.2514 -8.69111 33.2206 391.304 391.304 391.304 391.304
14.808 -10.6496 -7.35358 33.2057 392.016 392.016 392.016 392.016
14.8285 -9.92395 -6.15589 32.8249 392.727 392.727 392.727 392.727
14.8489 -9.13 -5.16252 32.154 393.439 393.439 393.439 393.439
14.8709 -8.25772 -4.34951 31.1999 394.15 394.15 394.15 394.15
14.8946 -7.36373 -3.76768 30.0116 394.862 394.862 394.862 394.862
14.9204 -6.50167 -3.43609 28.6342 395.573 395.573 395.573 395.573
14.9485 -5.73559 -3.3596 27.1243 396.285 396.285 396.285 396.285
14.9799 -5.1156 -3.5366 25.5047 396.996 396.996 396.996 396.996
15.0148 -4.7132 -3.97401 23.8469 397.708 397.708 397.708 397.708
15.0455 -4.59154 -4.52901 22.551 398.419 398.419 398.419 398.419
15.0762 -4.66958 -5.2332 21.4408 399.13 399.13 399.13 399.13
15.1069 -4.93462 -6.09302 20.5538 399.842 399.842 399.842 399.842
15.1377 -5.38 -7.12003 19.9398 400.553 400.553 400.553 400.553
15.1715 -6.07739 -8.45167 19.6602 401.265 401.265 401.265 401.265
15.2085 -7.07677 -10.1051 19.9632 401.976 401.976 401.976 401.976
15.2466 -8.34158 -11.8947 21.1193 402.688 402.688 402.688 402.688
15.2727 -9.2933 -13.0018 22.4733 403.399 403.399 403.399 403.399
15.3028 -10.3945 -13.9269 24.5945 404.111 404.111 404.111 404.111
15.3244 -11.1152 -14.2049 26.405 404.822 404.822 404.822 404.822
15.3483 -11.7603 -14.0107 28.5282 405.534 405.534 405.534 405.534
15.3722 -12.163 -13.2355 30.5584 406.245 406.245 406.245 406.245
15.3961 -12.2548 -11.9283 32.2445 406.957 406.957 406.957 406.957
15.4153 -12.0811 -10.6011 33.2051 407.668 407.668 407.668 407.668
15.4351 -11.6756 -9.10078 33.7596 408.379 408.379 408.379 408.379
15.455 -11.072 -7.61241 33.8573 409.091 409.091 409.091 409.091
15.4749 -10.3196 -6.25542 33.5435 409.802 409.802 409.802 409.802
15.4947 -9.47713 -5.1101 32.898 410.514 410.514 410.514 410.514
15.5155 -8.56109 -4.17678 31.9654 411.225 411.225 411.225 411.225
15.5379 -7.60392 -3.47755 30.7806 411.937 411.937 411.937 411.937
15.5623 -6.65667 -3.03392 29.3875 412.648 412.648 412.648 412.648
15.5888 -5.78617 -2.85231 27.8463 413.36 413.36 413.36 413.36
15.6178 -5.05108 -2.91994 26.2042 414.071 414.071 414.071 414.071
15.6519 -4.47984 -3.25119 24.3977 414.783 414.783 414.783 414.783
15.6808 -4.22688 -3.68931 23.0084 415.494 415.494 415.494 415.494
15.7119 -4.16617 -4.30215 21.6754 416.206 416.206 416.206 416.206
15.7429 -4.30601 -5.06369 20.5403 416.917 416.917 416.917 416.917
15.774 -4.63476 -5.99119 19.641 417.628 417.628 417.628 417.628
15.8051 -5.14935 -7.10607 19.0322 418.34 418.34 418.34 418.34
15.8392 -5.93162 -8.56059 18.7905 419.051 419.051 419.051 419.051
15.8769 -7.06038 -10.4142 19.2046 419.763 419.763 419.763 419.763
15.9146 -8.4405 -12.3709 20.5446 420.474 420.474 420.474 420.474
15.9398 -9.45863 -13.5623 22.0469 421.186 421.186 421.186 421.186
15.9663 -10.5347 -14.4942 24.1448 421.897 421.897 421.897 421.897
15.989 -11.3857 -14.8554 26.286 422.609 422.609 422.609 422.609
16.0117 -12.0812 -14.6686 28.5778 423.32 423.32 423.32 423.32
16.0344 -12.5327 -13.865 30.7886 424.032 424.032 424.032 424.032
16.0571 -12.6666 -12.4852 32.6561 424.743 424.743 424.743 424.743
16.0756 -12.5141 -11.0468 33.7632 425.455 425.455 425.455 425.455
16.094 -12.13 -9.46082 34.4214 426.166 426.166 426.166 426.166
16.1125 -11.5407 -7.8666 34.6161 426.877 426.877 426.877 426.877
16.131 -10.7904 -6.38683 34.3853 427.589 427.589 427.589 427.589
16.1494 -9.93374 -5.10874 33.8038 428.3 428.3 428.3 428.3
16.169 -8.97467 -4.02634 32.9067 429.012 429.012 429.012 429.012
16.1899 -7.954 -3.1826 31.7387 429.723 429.723 429.723 429.723
16.2126 -6.9166 -2.6002 30.3409 430.435 430.435 430.435 430.435
16.2374 -5.92826 -2.28971 28.7726 431.146 431.146 431.146 431.146
16.2642 -5.0604 -2.23614 27.1032 431.858 431.858 431.858 431.858
16.2945 -4.34226 -2.41849 25.3125 432.569 432.569 432.569 432.569
16.3211 -3.92848 -2.72411 23.8518 433.281 433.281 433.281 433.281
16.351 -3.67787 -3.19175 22.3431 433.992 433.992 433.992 433.992
16.381 -3.62919 -3.77842 20.9932 434.704 434.704 434.704 434.704
16.4109 -3.7619 -4.49359 19.8205 435.415 435.415 435.415 435.415
16.4408 -4.06526 -5.36048 18.8529 436.126 436.126 436.126 436.126
16.4707 -4.53832 -6.40852 18.133 436.838 436.838 436.838 436.838
16.5041 -5.27357 -7.82171 17.7019 437.549 437.549 437.549 437.549
16.5421 -6.39828 -9.76329 17.8495 438.261 438.261 438.261 438.261
16.5741 -7.58228 -11.6045 18.6833 438.972 438.972 438.972 438.972
16.6075 -9.0163 -13.5344 20.4368 439.684 439.684 439.684 439.684
16.6321 -10.1434 -14.7448 22.3738 440.395 440.395 440.395 440.395
16.6558 -11.2063 -15.5147 24.7264 441.107 441.107 441.107 441.107
16.6794 -12.1446 -15.6782 27.4142 441.818 441.818 441.818 441.818
16.6991 -12.7419 -15.233 29.7108 442.53 442.53 442.53 442.53
16.7195 -13.1101 -14.1791 31.9303 443.241 443.241 443.241 443.241
16.7399 -13.1632 -12.5941 33.7469 443.953 443.953 443.953 443.953
16.7574 -12.9368 -10.9346 34.843 444.664 444.664 444.664 444.664
16.775 -12.4677 -9.15476 35.4409 445.375 445.375 445.375 445.375
16.7925 -11.7881 -7.40465 35.5426 446.087 446.087 446.087 446.087
16.8101 -10.9477 -5.80955 35.2036 446.798 446.798 446.798 446.798
16.8276 -10.0047 -4.45269 34.5128 447.51 447.51 447.51 447.51
16.8463 -8.9552 -3.31284 33.5039 448.221 448.221 448.221 448.221
16.8663 -7.84077 -2.43154 32.2245 448.933 448.933 448.933 448.933
16.8883 -6.70799 -1.82815 30.7191 449.644 449.644 449.644 449.644
16.9122 -5.62983 -1.50784 29.0566 450.356 450.356 450.356 450.356
16.9379 -4.68363 -1.44302 27.3178 451.067 451.067 451.067 451.067
16.9663 -3.89745 -1.59125 25.4991 451.779 451.779 451.779 451.779
16.9897 -3.44034 -1.82459 24.098 452.49 452.49 452.49 452.49
17.0166 -3.10152 -2.17758 22.5999 453.202 453.202 453.202 453.202
17.0434 -2.93505 -2.6054 21.223 453.913 453.913 453.913 453.913
17.0703 -2.91781 -3.10938 19.9712 454.625 454.625 454.625 454.625
17.0972 -3.03412 -3.70357 18.852 455.336 455.336 455.336 455.336
17.124 -3.2764 -4.41058 17.8794 456.047 456.047 456.047 456.047
17.1524 -3.66958 -5.31111 17.0362 456.759 456.759 456.759 456.759
17.1846 -4.29757 -6.56869 16.3626 457.47 457.47 457.47 457.47
17.2243 -5.36971 -8.52656 16.0904 458.182 458.182 458.182 458.182
17.255 -6.45436 -10.3663 16.4719 458.893 458.893 458.893 458.893
17.2883 -7.89391 -12.6002 17.7037 459.605 459.605 459.605 459.605
17.3182 -9.38603 -14.601 19.7381 460.316 460.316 460.316 460.316
17.3427 -10.6803 -15.9675 22.1405 461.028 461.028 461.028 461.028
17.3647 -11.8122 -16.7288 24.8269 461.739 461.739 461.739 461.739
17.3868 -12.8047 -16.8084 27.8491 462.451 462.451 462.451 462.451
17.4053 -13.4397 -16.2179 30.4434 463.162 463.162 463.162 463.162
17.4238 -13.812 -14.9978 32.84 463.874 463.874 463.874 463.874
17.4424 -13.865 -13.2268 34.8039 464.585 464.585 464.585 464.585
17.4589 -13.6215 -11.3243 36.0392 465.296 465.296 465.296 465.296
17.4754 -13.1125 -9.28893 36.717 466.008 466.008 466.008 466.008
17.492 -12.3718 -7.29034 36.8423 466.719 466.719 466.719 466.719
17.5085 -11.4518 -5.46957 36.4805 467.431 467.431 467.431 467.431
17.5251 -10.4148 -3.91961 35.7341 468.142 468.142 468.142 468.142
17.5423 -9.27538 -2.63422 34.6668 468.854 468.854 468.854 468.854
17.5609 -8.05648 -1.62638 33.3223 469.565 469.565 469.565 469.565
17.5812 -6.79981 -0.913091 31.7463 470.277 470.277 470.277 470.277
17.6035 -5.5781 -0.49931 30.0098 470.988 470.988 470.988 470.988
17.6271 -4.48799 -0.354314 28.222 471.7 471.7 471.7 471.7
17.6529 -3.55134 -0.414202 26.3813 472.411 472.411 472.411 472.411
17.6741 -2.96568 -0.563145 24.9633 473.123 473.123 473.123 473.123
17.6974 -2.49065 -0.784258 23.5046 473.834 473.834 473.834 473.834
17.7206 -2.16409 -1.04124 22.14 474.545 474.545 474.545 474.545
17.7438 -1.96131 -1.32361 20.8646 475.257 475.257 475.257 475.257
17.7671 -1.86176 -1.63129 19.6745 475.968 475.968 475.968 475.968
17.7903 -1.84994 -1.97119 18.5676 476.68 476.68 476.68 476.68
17.8135 -1.91551 -2.35499 17.5437 477.391 477.391 477.391 477.391
17.8377 -2.05993 -2.8167 16.5699 478.103 478.103 478.103 478.103
17.8638 -2.30338 -3.41296 15.6253 478.814 478.814 478.814 478.814
17.8933 -2.69482 -4.24546 14.7126 479.526 479.526 479.526 479.526
17.9283 -3.34201 -5.51668 13.8931 480.237 480.237 480.237 480.237
17.9631 -4.2294 -7.18012 13.458 480.949 480.949 480.949 480.949
17.9979 -5.4178 -9.32134 13.586 481.66 481.66 481.66 481.66
18.0256 -6.61453 -11.3754 14.28 482.372 482.372 482.372 482.372
18.0552 -8.16062 -13.8338 15.8509 483.083 483.083 483.083 483.083
18.0848 -9.94894 -16.2923 18.5464 483.794 483.794 483.794 483.794
18.1063 -11.33 -17.7757 21.3112 484.506 484.506 484.506 484.506
18.1268 -12.6219 -18.6511 24.5575 485.217 485.217 485.217 485.217
18.1474 -13.7616 -18.7038 28.2047 485.929 485.929 485.929 485.929
18.1641 -14.4755 -17.9845 31.2322 486.64 486.64 486.64 486.64
18.1816 -14.9236 -16.4589 34.1627 487.352 487.352 487.352 487.352
18.1991 -14.9949 -14.241 36.5533 488.063 488.063 488.063 488.063
18.2136 -14.7445 -12.0457 37.952 488.775 488.775 488.775 488.775
18.2281 -14.2198 -9.70411 38.7553 489.486 489.486 489.486 489.486
18.2426 -13.4504 -7.39287 38.968 490.198 490.198 490.198 490.198
18.257 -12.4842 -5.26189 38.6559 490.909 490.909 490.909 490.909
18.2715 -11.3797 -3.41451 37.9244 491.621 491.621 491.621 491.621
18.2867 -10.14 -1.83758 36.8371 492.332 492.332 492.332 492.332
18.3028 -8.79946 -0.56793 35.4606 493.043 493.043 493.043 493.043
18.3204 -7.38956 0.382186 33.848 493.755 493.755 493.755 493.755
18.3397 -5.96293 1.00911 32.0597 494.466 494.466 494.466 494.466
18.362 -4.52863 1.34379 30.0728 495.178 495.178 495.178 495.178
18.3851 -3.30618 1.41512 28.1546 495.889 495.889 495.889 495.889
18.4082 -2.33889 1.33838 26.3856 496.601 496.601 496.601 496.601
18.43 -1.63294 1.21005 24.8463 497.312 497.312 497.312 497.312
18.4517 -1.09144 1.07284 23.4142 498.024 498.024 498.024 498.024
18.4734 -0.681221 0.951577 22.0767 498.735 498.735 498.735 498.735
18.492 -0.412521 0.870339 21.0037 499.447 499.447 499.447 499.447
18.5105 -0.200935 0.813027 19.9868 500.158 500.158 500.158 500.158
18.529 -0.0326505 0.780653 19.0218 500.87 500.87 500.87 500.87
18.5475 0.103873 0.773109 18.1055 501.581 501.581 501.581 501.581
18.5661 0.218166 0.789932 17.2352 502.292 502.292 502.292 502.292
18.5846 0.318074 0.83081 16.4084 503.004 503.004 503.004 503.004
18.6043 0.415736 0.900806 15.5755 503.715 503.715 503.715 503.715
18.6249 0.515741 1.00478 14.7501 504.427 504.427 504.427 504.427
18.6466 0.625236 1.15057 13.9337 505.138 505.138 505.138 505.138
18.6694 0.752584 1.34935 13.1304 505.85 505.85 505.85 505.85
18.6933 0.907978 1.61669 12.3473 506.561 506.561 506.561 506.561
18.7183 1.10383 1.9734 11.5962 507.273 507.273 507.273 507.273
18.7432 1.34616 2.42907 10.9148 507.984 507.984 507.984 507.984
18.7695 1.66792 3.04497 10.2801 508.696 508.696 508.696 508.696
18.7958 2.07823 3.83792 9.74711 509.407 509.407 509.407 509.407
18.8221 2.6032 4.85617 9.34476 510.119 510.119 510.119 510.119
18.8484 3.27522 6.15759 9.12203 510.83 510.83 510.83 510.83
18.8763 4.19062 7.91504 9.17262 511.542 511.542 511.542 511.542
18.9064 5.47936 10.3362 9.74052 512.253 512.253 512.253 512.253
18.93 6.73941 12.6144 10.7462 512.964 512.964 512.964 512.964
18.9553 8.36999 15.3773 12.6353 513.676 513.676 513.676 513.676
18.9806 10.2703 18.225 15.6552 514.387 514.387 514.387 514.387
19.0024 12.0574 20.3685 19.36 515.099 515.099 515.099 515.099
19.0221 13.6745 21.6155 23.5879 515.81 515.81 515.81 515.81
19.0386 14.9058 21.8233 27.5924 516.522 516.522 516.522 516.522
19.0556 15.938 20.9892 31.9026 517.233 517.233 517.233 517.233
19.0705 16.5277 19.3016 35.46 517.945 517.945 517.945 517.945
19.0854 16.742 16.7889 38.4846 518.656 518.656 518.656 518.656
19.0986 16.5775 14.0357 40.4988 519.368 519.368 519.368 519.368
19.1119 16.073 11.0172 41.7593 520.079 520.079 520.079 520.079
19.1251 15.2531 7.97406 42.247 520.791 520.791 520.791 520.791
19.1383 14.168 5.12258 42.0334 521.502 521.502 521.502 521.502
19.1515 12.8849 2.62041 41.2541 522.213 522.213 522.213 522.213
19.1648 11.4778 0.552618 40.072 522.925 522.925 522.925 522.925
19.178 10.0176 -1.06255 38.6446 523.636 523.636 523.636 523.636
19.192 8.47726 -2.31722 37.0063 524.348 524.348 524.348 524.348
19.2096 6.64633 -3.32974 34.9427 525.059 525.059 525.059 525.059
19.23 4.73909 -3.93287 32.68 525.771 525.771 525.771 525.771
19.2504 3.11318 -4.14538 30.6347 526.482 526.482 526.482 526.482
19.2708 1.77052 -4.14888 28.8124 527.194 527.194 527.194 527.194
19.2925 0.626602 -4.06189 27.0951 527.905 527.905 527.905 527.905
19.3129 -0.229517 -3.97599 25.6471 528.617 528.617 528.617 528.617
19.3307 -0.837048 -3.93502 24.4942 529.328 529.328 529.328 529.328
19.3485 -1.3428 -3.94477 23.4327 530.04 530.04 530.04 530.04
19.3663 -1.77261 -4.0156 22.4534 530.751 530.751 530.751 530.751
19.3852 -2.16948 -4.16349 21.5023 531.462 531.462 531.462 531.462
19.404 -2.5306 -4.39083 20.6343 532.174 532.174 532.174 532.174
19.4242 -2.90174 -4.72767 19.7944 532.885 532.885 532.885 532.885
19.4453 -3.29236 -5.18549 19.0263 533.597 533.597 533.597 533.597
19.4675 -3.72863 -5.78924 18.349 534.308 534.308 534.308 534.308
19.4909 -4.24044 -6.57088 17.7975 535.02 535.02 535.02 535.02
19.5157 -4.8651 -7.57218 17.4297 535.731 535.731 535.731 535.731
19.5425 -5.6528 -8.84725 17.3439 536.443 536.443 536.443 536.443
19.572 -6.68083 -10.4682 17.7217 537.154 537.154 537.154 537.154
19.6048 -8.03017 -12.4415 18.891 537.866 537.866 537.866 537.866
19.6376 -9.55083 -14.3355 21.0254 538.577 538.577 538.577 538.577
19.6606 -10.6504 -15.3733 23.1332 539.289 539.289 539.289 539.289
19.6825 -11.6421 -15.9254 25.5424 540 540 540 540
19.7052 -12.5172 -15.8588 28.2942 540.711 540.711 540.711 540.711
19.7247 -13.0561 -15.1831 30.6486 541.423 541.423 541.423 541.423
19.7442 -13.3268 -13.935 32.7614 542.134 542.134 542.134 542.134
19.7637 -13.2829 -12.2143 34.42 542.846 542.846 542.846 542.846
19.7808 -12.974 -10.4552 35.3813 543.557 543.557 543.557 543.557
19.7979 -12.4287 -8.62388 35.8331 544.269 544.269 544.269 544.269
19.8151 -11.685 -6.86605 35.7963 544.98 544.98 544.98 544.98
19.8322 -10.7956 -5.29587 35.3399 545.692 545.692 545.692 545.692
19.8494 -9.81908 -3.983 34.5591 546.403 546.403 546.403 546.403
19.868 -8.72442 -2.87594 33.4571 547.115 547.115 547.115 547.115
19.8882 -7.57206 -2.03854 32.0945 547.826 547.826 547.826 547.826
19.9103 -6.41327 -1.48657 30.5192 548.538 548.538 548.538 548.538
19.9342 -5.32865 -1.2179 28.8108 549.249 549.249 549.249 549.249
19.96 -4.38945 -1.19378 27.0438 549.96 549.96 549.96 549.96
19.9883 -3.62027 -1.36688 25.2137 550.672 550.672 550.672 550.672
20.012 -3.16946 -1.61234 23.7811 551.383 551.383 551.383 551.383
20.0374 -2.85802 -1.94238 22.3562 552.095 552.095 552.095 552.095
20.0628 -2.69717 -2.33063 21.0387 552.806 552.806 552.806 552.806
20.0881 -2.66621 -2.77914 19.83 553.518 553.518 553.518 553.518
20.1135 -2.75079 -3.29991 18.7343 554.229 554.229 554.229 554.229
20.1388 -2.94333 -3.91187 17.7601 554.941 554.941 554.941 554.941
20.1663 -3.2719 -4.7038 16.8607 555.652 555.652 555.652 555.652
20.197 -3.79659 -5.7928 16.0804 556.364 556.364 556.364 556.364
20.2346 -4.69225 -7.48519 15.5518 557.075 557.075 557.075 557.075
20.2667 -5.71353 -9.2916 15.6174 557.787 557.787 557.787 557.787
20.2974 -6.93484 -11.3146 16.3115 558.498 558.498 558.498 558.498
20.3281 -8.39638 -13.511 17.8409 559.209 559.209 559.209 559.209
20.3588 -10.0445 -15.5877 20.413 559.921 559.921 559.921 559.921
20.3805 -11.2479 -16.708 22.9081 560.632 560.632 560.632 560.632
20.4009 -12.3161 -17.2532 25.6837 561.344 561.344 561.344 561.344
20.4222 -13.2596 -17.0854 28.8368 562.055 562.055 562.055 562.055
20.4404 -13.8318 -16.2431 31.4929 562.767 562.767 562.767 562.767
20.4585 -14.1138 -14.7624 33.8612 563.478 563.478 563.478 563.478
20.4767 -14.0562 -12.7604 35.7101 564.19 564.19 564.19 564.19
20.4924 -13.7202 -10.7629 36.7655 564.901 564.901 564.901 564.901
20.5081 -13.1349 -8.69271 37.27 565.613 565.613 565.613 565.613
20.5239 -12.338 -6.70575 37.2493 566.324 566.324 566.324 566.324
20.5396 -11.3819 -4.92424 36.7793 567.036 567.036 567.036 567.036
20.5553 -10.326 -3.4234 35.9632 567.747 567.747 567.747 567.747
20.5724 -9.13628 -2.14558 34.8126 568.458 568.458 568.458 568.458
20.5908 -7.87037 -1.15695 33.3939 569.17 569.17 569.17 569.17
20.611 -6.57202 -0.47092 31.7548 569.881 569.881 569.881 569.881
20.633 -5.32201 -0.0876215 29.977 570.593 570.593 570.593 570.593
20.6562 -4.22125 0.0343728 28.1797 571.304 571.304 571.304 571.304
20.6815 -3.27581 -0.0329748 26.3417 572.016 572.016 572.016 572.016
20.7005 -2.72487 -0.161618 25.0439 572.727 572.727 572.727 572.727
20.7216 -2.25392 -0.346127 23.6831 573.439 573.439 573.439 573.439
20.7428 -1.91042 -0.553432 22.4033 574.15 574.15 574.15 574.15
20.7639 -1.67324 -0.773026 21.1989 574.862 574.862 574.862 574.862
20.7851 -1.52408 -1.00226 20.0653 575.573 575.573 575.573 575.573
20.8062 -1.4482 -1.24374 18.9991 576.285 576.285 576.285 576.285
20.8274 -1.4345 -1.50356 17.9977 576.996 576.996 576.996 576.996
20.8498 -1.47945 -1.80816 17.0067 577.708 577.708 577.708 577.708
20.8732 -1.58653 -2.17228 16.0471 578.419 578.419 578.419 578.419
20.8984 -1.76978 -2.63733 15.1 579.13 579.13 579.13 579.13
20.9268 -2.06364 -3.27818 14.1554 579.842 579.842 579.842 579.842
20.9591 -2.52921 -4.21461 13.2527 580.553 580.553 580.553 580.553
20.9896 -3.12521 -5.36565 12.6125 581.265 581.265 581.265 581.265
21.0216 -3.95512 -6.92884 12.2466 581.976 581.976 581.976 581.976
21.0536 -5.04804 -8.93363 12.3382 582.688 582.688 582.688 582.688
21.0856 -6.45991 -11.4173 13.1244 583.399 583.399 583.399 583.399
21.1102 -7.78388 -13.6009 14.4127 584.111 584.111 584.111 584.111
21.1368 -9.4474 -16.0668 16.7224 584.822 584.822 584.822 584.822
21.1635 -11.2749 -18.2578 20.1764 585.534 585.534 585.534 585.534
21.1833 -12.6409 -19.3492 23.4968 586.245 586.245 586.245 586.245
21.2012 -13.7744 -19.6593 26.9176 586.957 586.957 586.957 586.957
21.2198 -14.7369 -19.0831 30.6562 587.668 587.668 587.668 587.668
21.2363 -15.3012 -17.7185 33.8182 588.379 588.379 588.379 588.379
21.2527 -15.5121 -15.6036 36.5248 589.091 589.091 589.091 589.091
21.2673 -15.366 -13.2607 38.3254 589.802 589.802 589.802 589.802
21.2818 -14.9029 -10.6716 39.4578 590.514 590.514 590.514 590.514
21.2964 -14.1474 -8.05186 39.8988 591.225 591.225 591.225 591.225
21.3109 -13.1488 -5.59588 39.7083 591.937 591.937 591.937 591.937
21.3255 -11.9729 -3.44519 39.0043 592.648 592.648 592.648 592.648
21.3401 -10.6908 -1.67579 37.9304 593.36 593.36 593.36 593.36
21.3552 -9.31869 -0.257422 36.5711 594.071 594.071 594.071 594.071
21.3715 -7.86694 0.82903 34.9735 594.783 594.783 594.783 594.783
21.3893 -6.37873 1.582 33.1984 595.494 595.494 595.494 595.494
21.412 -4.70177 2.06072 31.0207 596.206 596.206 596.206 596.206
21.4348 -3.30776 2.19812 29.0075 596.917 596.917 596.917 596.917
21.4575 -2.19042 2.1569 27.1696 597.628 597.628 597.628 597.628
21.4804 -1.31079 2.04439 25.4766 598.34 598.34 598.34 598.34
21.5034 -0.635778 1.9281 23.9226 599.051 599.051 599.051 599.051
21.5212 -0.223604 1.86014 22.7992 599.763 599.763 599.763 599.763
21.5401 0.131459 1.82167 21.6767 600.474 600.474 600.474 600.474
21.559 0.422295 1.82424 20.6201 601.186 601.186 601.186 601.186
21.5779 0.667389 1.87143 19.6248 601.897 601.897 601.897 601.897
21.5968 0.882523 1.96554 18.6871 602.609 602.609 602.609 602.609
21.6157 1.08113 2.10872 17.8051 603.32 603.32 603.32 603.32
21.6357 1.28531 2.31588 16.934 604.032 604.032 604.032 604.032
21.6565 1.50592 2.59954 16.0871 604.743 604.743 604.743 604.743
21.6784 1.75805 2.97868 15.2718 605.455 605.455 605.455 605.455
21.7014 2.05981 3.47912 14.5019 606.166 606.166 606.166 606.166
21.7254 2.43366 4.13551 13.7998 606.877 606.877 606.877 606.877
21.7506 2.90783 4.99338 13.2008 607.589 607.589 607.589 607.589
21.7768 3.51939 6.11282 12.76 608.3 608.3 608.3 608.3
21.8044 4.32217 7.57856 12.568 609.012 609.012 609.012 609.012
21.8341 5.41426 9.53622 12.7993 609.723 609.723 609.723 609.723
21.8622 6.70234 11.7552 13.622 610.435 610.435 610.435 610.435
21.8903 8.25618 14.2422 15.2761 611.146 611.146 611.146 611.146
21.9184 10.0473 16.7354 18.0282 611.858 611.858 611.858 611.858
21.9402 11.527 18.3486 21.0305 612.569 612.569 612.569 612.569
21.9604 12.8708 19.2659 24.4574 613.281 613.281 613.281 613.281
21.9806 14.059 19.3132 28.3096 613.992 613.992 613.992 613.992
21.9968 14.7974 18.5568 31.4701 614.704 614.704 614.704 614.704
22.0139 15.2687 16.9523 34.5495 615.415 615.415 615.415 615.415
22.031 15.353 14.6192 37.0673 616.126 616.126 616.126 616.126
22.045 15.1057 12.3215 38.5391 616.838 616.838 616.838 616.838
22.059 14.5775 9.86796 39.3957 617.549 617.549 617.549 617.549
22.0731 13.7971 7.44103 39.6407 618.261 618.261 618.261 618.261
22.0871 12.812 5.19701 39.3412 618.972 618.972 618.972 618.972
22.1011 11.6807 3.24471 38.6055 619.684 619.684 619.684 619.684
22.1157 10.4131 1.57994 37.5082 620.395 620.395 620.395 620.395
22.1312 9.04083 0.233268 36.12 621.107 621.107 621.107 621.107
22.148 7.59451 -0.784621 34.4991 621.818 621.818 621.818 621.818
22.1664 6.12204 -1.47237 32.7068 622.53 622.53 622.53 622.53
22.1896 4.49931 -1.88237 30.5437 623.241 623.241 623.241 623.241
22.2128 3.16457 -1.97745 28.5461 623.953 623.953 623.953 623.953
22.236 2.1057 -1.91282 26.7199 624.664 624.664 624.664 624.664
22.2582 1.31588 -1.79492 25.1127 625.375 625.375 625.375 625.375
22.2805 0.707798 -1.67716 23.6285 626.087 626.087 626.087 626.087
22.2988 0.314121 -1.6019 22.4831 626.798 626.798 626.798 626.798
22.3179 -0.0135566 -1.55574 21.3654 627.51 627.51 627.51 627.51
22.3369 -0.279716 -1.54731 20.3116 628.221 628.221 628.221 628.221
22.356 -0.501843 -1.57938 19.317 628.933 628.933 628.933 628.933
22.375 -0.69476 -1.65363 18.3783 629.644 629.644 629.644 629.644
22.3941 -0.870985 -1.77166 17.493 630.356 630.356 630.356 630.356
22.4139 -1.04802 -1.94327 16.6272 631.067 631.067 631.067 631.067
22.4347 -1.23793 -2.18071 15.7792 631.779 631.779 631.779 631.779
22.4564 -1.45357 -2.50007 14.9555 632.49 632.49 632.49 632.49
22.4793 -1.71052 -2.92363 14.1667 633.202 633.202 633.202 633.202
22.5032 -2.02794 -3.48131 13.4299 633.913 633.913 633.913 633.913
22.5281 -2.42962 -4.2123 12.7725 634.625 634.625 634.625 634.625
22.554 -2.94562 -5.16725 12.2352 635.336 635.336 635.336 635.336
22.5809 -3.61657 -6.41377 11.8811 636.047 636.047 636.047 636.047
22.609 -4.506 -8.05327 11.8173 636.759 636.759 636.759 636.759
22.6398 -5.74787 -10.2874 12.2746 637.47 637.47 637.47 637.47
22.6661 -7.06179 -12.5441 13.2988 638.182 638.182 638.182 638.182
22.6932 -8.68013 -15.106 15.2245 638.893 638.893 638.893 638.893
22.7203 -10.5227 -17.6001 18.2898 639.605 639.605 639.605 639.605
22.7412 -12.0117 -19.125 21.5149 640.316 640.316 640.316 640.316
22.7602 -13.3223 -19.8917 25.0536 641.028 641.028 641.028 641.028
22.7776 -14.3755 -19.825 28.6112 641.739 641.739 641.739 641.739
22.7949 -15.1781 -18.8623 32.1956 642.451 642.451 642.451 642.451
22.8123 -15.6225 -16.9748 35.4498 643.162 643.162 643.162 643.162
22.8271 -15.6569 -14.7436 37.6886 643.874 643.874 643.874 643.874
22.8419 -15.3503 -12.1265 39.2604 644.585 644.585 644.585 644.585
22.8567 -14.7126 -9.35605 40.0877 645.296 645.296 645.296 645.296
22.8714 -13.785 -6.66512 40.1928 646.008 646.008 646.008 646.008
22.8862 -12.6322 -4.24195 39.6807 646.719 646.719 646.719 646.719
22.901 -11.331 -2.20392 38.7029 647.431 647.431 647.431 647.431
22.9158 -9.95867 -0.595054 37.4192 648.142 648.142 648.142 648.142
22.9313 -8.51839 0.646965 35.898 648.854 648.854 648.854 648.854
22.9481 -7.0212 1.55111 34.1791 649.565 649.565 649.565 649.565
22.9688 -5.35277 2.17302 32.1113 650.277 650.277 650.277 650.277
22.9921 -3.75386 2.44269 29.9396 650.988 650.988 650.988 650.988
23.0154 -2.46173 2.45746 27.9653 651.7 651.7 651.7 651.7
23.0387 -1.44886 2.36222 26.1757 652.411 652.411 652.411 652.411
23.062 -0.669614 2.24668 24.5452 653.123 653.123 653.123 653.123
23.08 -0.195057 2.17678 23.3772 653.834 653.834 653.834 653.834
23.0991 0.214473 2.13795 22.2133 654.545 654.545 654.545 654.545
23.1183 0.549809 2.14463 21.1221 655.257 655.257 655.257 655.257
23.1375 0.832332 2.20197 20.0981 655.968 655.968 655.968 655.968
23.1566 1.0804 2.31325 19.1372 656.68 656.68 656.68 656.68
23.1758 1.30967 2.48129 18.2374 657.391 657.391 657.391 657.391
23.1958 1.54312 2.72048 17.3637 658.103 658.103 658.103 658.103
23.2167 1.79578 3.04656 16.5201 658.814 658.814 658.814 658.814
23.2386 2.08467 3.48063 15.7167 659.526 659.526 659.526 659.526
23.2616 2.43043 4.05149 14.9707 660.237 660.237 660.237 660.237
23.2858 2.85877 4.79776 14.3099 660.949 660.949 660.949 660.949
23.3111 3.40269 5.77069 13.7793 661.66 661.66 661.66 661.66
23.3378 4.10725 7.03967 13.4515 662.372 662.372 662.372 662.372
23.3663 5.04381 8.70945 13.4547 663.083 663.083 663.083 663.083
23.3984 6.37226 11.0004 14.0812 663.794 663.794 663.794 663.794
23.4248 7.70494 13.1589 15.2948 664.506 664.506 664.506 664.506
23.4526 9.32727 15.5136 17.4813 665.217 665.217 665.217 665.217
23.4775 10.9153 17.3969 20.3899 665.929 665.929 665.929 665.929
23.4997 12.3348 18.5341 23.7435 666.64 666.64 666.64 666.64
23.5181 13.4116 18.8195 26.9444 667.352 667.352 667.352 667.352
23.5372 14.3178 18.2757 30.4285 668.063 668.063 668.063 668.063
23.5564 14.8868 16.786 33.7195 668.775 668.775 668.775 668.775
23.5725 15.0288 14.8567 36.0498 669.486 669.486 669.486 669.486
23.5886 14.8255 12.476 37.7627 670.198 670.198 670.198 670.198
23.6047 14.2781 9.87278 38.7453 670.909 670.909 670.909 670.909
23.619 13.5329 7.57332 38.9986 671.621 671.621 671.621 671.621
23.6333 12.5904 5.4404 38.7305 672.332 672.332 672.332 672.332
23.6476 11.5069 3.57858 38.0408 673.043 673.043 673.043 673.043
23.6627 10.2775 1.96906 36.9848 673.755 673.755 673.755 673.755
23.6787 8.94428 0.665367 35.6338 674.466 674.466 674.466 674.466
23.6961 7.53793 -0.319228 34.0416 675.178 675.178 675.178 675.178
23.7152 6.10724 -0.980271 32.2663 675.889 675.889 675.889 675.889
23.7371 4.67219 -1.34412 30.3031 676.601 676.601 676.601 676.601
23.7602 3.41425 -1.43906 28.361 677.312 677.312 677.312 677.312
23.7834 2.41604 -1.37308 26.5703 678.024 678.024 678.024 678.024
23.8052 1.6866 -1.24822 25.0144 678.735 678.735 678.735 678.735
23.827 1.12618 -1.11116 23.5681 679.447 679.447 679.447 679.447
23.8487 0.701098 -0.98871 22.2182 680.158 680.158 680.158 680.158
23.8673 0.422358 -0.906303 21.1357 680.87 680.87 680.87 680.87
23.8859 0.202709 -0.848175 20.1102 681.581 681.581 681.581 681.581
23.9044 0.027892 -0.8156 19.1373 682.292 682.292 682.292 682.292
23.923 -0.114031 -0.808624 18.2138 683.004 683.004 683.004 683.004
23.9415 -0.232939 -0.826877 17.3368 683.715 683.715 683.715 683.715
23.9601 -0.336977 -0.870114 16.504 684.427 684.427 684.427 684.427
23.9797 -0.43834 -0.943318 15.6688 685.138 685.138 685.138 685.138
24.0003 -0.542241 -1.05169 14.8413 685.85 685.85 685.85 685.85
24.022 -0.656018 -1.20333 14.0231 686.561 686.561 686.561 686.561
24.0447 -0.788299 -1.40975 13.2185 687.273 687.273 687.273 687.273
24.0686 -0.949588 -1.68701 12.4348 687.984 687.984 687.984 687.984
24.0935 -1.15269 -2.05653 11.684 688.696 688.696 688.696 688.696
24.1183 -1.4037 -2.52795 11.0045 689.407 689.407 689.407 689.407
24.1446 -1.73693 -3.16496 10.3736 690.119 690.119 690.119 690.119
24.1708 -2.16137 -3.98385 9.84843 690.83 690.83 690.83 690.83
24.1971 -2.70365 -5.03351 9.46 691.542 691.542 691.542 691.542
24.2242 -3.42355 -6.42362 9.25788 692.253 692.253 692.253 692.253
24.2523 -4.38529 -8.26167 9.36411 692.964 692.964 692.964 692.964
24.2797 -5.58368 -10.5006 9.93738 693.676 693.676 693.676 693.676
24.307 -7.0884 -13.1917 11.2183 694.387 694.387 694.387 694.387
24.3295 -8.56939 -15.6572 13.0292 695.099 695.099 695.099 695.099
24.353 -10.3446 -18.2761 15.9101 695.81 695.81 695.81 695.81
24.3766 -12.2639 -20.5063 19.9728 696.522 696.522 696.522 696.522
24.3949 -13.7437 -21.5634 23.9282 697.233 697.233 697.233 697.233
24.4112 -14.9469 -21.6972 27.9031 697.945 697.945 697.945 697.945
24.4282 -15.9426 -20.7966 32.1445 698.656 698.656 698.656 698.656
24.4432 -16.5045 -19.0447 35.664 699.368 699.368 699.368 699.368
24.4582 -16.6837 -16.4782 38.624 700.079 700.079 700.079 700.079
24.4714 -16.49 -13.7414 40.5387 700.791 700.791 700.791 700.791
24.4845 -15.9662 -10.7668 41.7153 701.502 701.502 701.502 701.502
24.4976 -15.1382 -7.78534 42.143 702.213 702.213 702.213 702.213
24.5107 -14.0558 -5.00202 41.8958 702.925 702.925 702.925 702.925
24.5239 -12.7848 -2.5643 41.1064 703.636 703.636 703.636 703.636
24.537 -11.3965 -0.550565 39.9317 704.348 704.348 704.348 704.348
24.5501 -9.95896 1.02379 38.5224 705.059 705.059 705.059 705.059
24.5643 -8.42106 2.265 36.8832 705.771 705.771 705.771 705.771
24.5819 -6.60055 3.26062 34.8253 706.482 706.482 706.482 706.482
24.6023 -4.71649 3.84858 32.5803 707.194 707.194 707.194 707.194
24.6228 -3.11134 4.0545 30.5485 707.905 707.905 707.905 707.905
24.6432 -1.78628 4.05602 28.7349 708.617 708.617 708.617 708.617
24.665 -0.650613 3.96833 27.0113 709.328 709.328 709.328 709.328
24.6853 0.191395 3.88304 25.5681 710.04 710.04 710.04 710.04
24.703 0.786937 3.84228 24.4214 710.751 710.751 710.751 710.751
24.7207 1.2831 3.85097 23.3636 711.462 711.462 711.462 711.462
24.7385 1.70497 3.91916 22.386 712.174 712.174 712.174 712.174
24.7572 2.09554 4.06291 21.4321 712.885 712.885 712.885 712.885
24.776 2.4507 4.28461 20.5595 713.597 713.597 713.597 713.597
24.7962 2.81538 4.61379 19.7128 714.308 714.308 714.308 714.308
24.8172 3.1988 5.06192 18.935 715.02 715.02 715.02 715.02
24.8393 3.62662 5.65377 18.2441 715.731 715.731 715.731 715.731
24.8626 4.12818 6.4212 17.6735 716.443 716.443 716.443 716.443
24.8874 4.74007 7.40607 17.2784 717.154 717.154 717.154 717.154
24.9139 5.5114 8.66305 17.1524 717.866 717.866 717.866 717.866
24.9431 6.5174 10.2663 17.4669 718.577 718.577 718.577 718.577
24.976 7.86276 12.2679 18.5577 719.289 719.289 719.289 719.289
25 8.96369 13.7234 19.9519 720 720 720 720
